20240617232144
20240619040531
20240620034125
20240620034155
20240620061421
20240620062655
20240620174928
20240620175839
20240621174117
20240621174538
20240622063757
20240623082948
20240625141216
20240625171243
20240626002750
20240626004136
20240626005209
20240626010349
20240626010912
20240626072556
20240626123508
20240626124655
20240626124931
20240626125303
20240626140544
20240626141230
20240627215617
20240627220610
20240627224620
20240628025753
20240628031752
20240628034748
20240628041642
20240629075551
20240629081114
20240630153833
20240701023951
20240702045526
20240702050500
20240702075057
20240702075416
20240702080011
20240702090054
20240702150508
20240703014357
20240703075550
20240748565215